90007807
1249
4073
1658
1930
6272
2544
3878
3923
3709
1440
5165
492
2042
3987
3503
4327
7729
4840
1612
303
3169
2709
7157
2560
933
6099
1278
2816
5335
97
4826
6512
4267
8810
6633
3979
5149
6579
1821
6967
5672
4393
6336
3485
4745
8228
3091
1194
7357
7001
2153
1708
2944
8668
1490
5124
1196
4530
1903
5722
7666
549
2024
8801
3853
4977
6408
3228
1933
3298
7981
2635
3013
5865
814
5063
4536
3425
8669
8115
3094
1629
7501
7517
8195
105
404
8451
5298
4188
2123
4505
7882
1752
566
2716
2337
5438
144
6501
3897
4871
5828
137
1358
4177
8397
6294
8904
8609
5231
7745
2175
7635
4298
142
4399
3968
1412
1260
2557
6594
2008
8395
4968
113
8530
4006
7962
1942
2365
3082
4852
8767
7821
7695
6712
1671
1901
3590
3831
5738
3057
6616
4790
4640
679
6335
1006
8972
2098
1095
8319
8454
4223
6289
1760
5905
6126
3123
506
8813
3770
5238
6094
2220
4844
1366
4534
7226
8394
4363
738
3844
2590
7550
3159
5623
4947
6385
217
6272
1539
7247
2385
496
1885
2623
1420
5144
6968
4735
6915
2625
8534
1042
3011
2679
4152
2244
295
818
2396
7692
4815
6991
8033
2669
397
8553
6547
2825
5210
3662
8211
2808
8377
2761
5625
2335
7868
995
7776
1767
3439
3874
2331
5556
3301
5872
6560
1094
1984
755
789
8407
3015
6193
4769
680
5455
3855
1506
963
3502
4676
4108
3249
8331
8844
6638
8808
7997
6651
6849
4203
3731
3531
5014
419
3775
2009
3180
5929
6223
1054
2260
7737
7545
1317
525
6200
1256
8564
3597
3648
4704
7550
150
3976
1412
8554
1797
5504
2381
3748
7065
5378
2699
1209
1129
8553
7483
8447
5607
3773
4322
7305
4176
53
5224
7630
2366
2400
444
1370
3285
16
4898
4155
8133
3557
5576
4178
7266
8357
1711
878
7614
6819
1737
4133
2591
4720
4762
1633
6197
5031
2588
2589
3873
5877
3304
2358
1200
8254
2960
7915
1947
8480
3730
8955
6546
8107
7238
6000
5926
2035
7857
6113
5114
593
2360
6354
3418
6357
585
729
7015
563
3102
8917
6643
2419
8967
3747
6269
7395
3303
4473
5103
8748
3385
1658
7459
8406
8930
824
132
8973
4603
897
5920
7950
231
4480
8203
5900
520
1533
5258
2003
1676
5950
6934
8780
7879
4832
574
1549
8542
2249
2771
5310
4879
8983
970
2040
1723
3650
8971
8229
2318
4746
299
1230
7621
6776
2124
2244
4958
696
771
5064
6560
4598
2751
4940
6503
1551
3801
1205
4080
418
4274
4649
4413
320
4025
2012
3783
8788
2117
5008
2550
6324
3195
8257
511
6690
6666
410
593
5553
7565
5960
1742
7403
4352
7307
6141
4910
3200
1799
8127
2171
2787
8414
4625
641
2517
5348
842
6315
2974
7445
4373
4220
5911
239
4054
2305
8929
3253
8189
3166
3356
6304
6860
8898
3592
3720
7116
3580
5867
5352
7939
698
5901
8811
1616
5891
8671
5728
7671
1661
6045
120
7240
158
6453
8627
2350
7711
6563
4594
2533
727
8827
5795
8531
442
5516
8006
2515
3924
7601
97
661
3103
6324
6108
1936
4281
2015
5710
4216
905
2973
6781
720
7791
3169
1865
4827
7536
728
6125
4384
167
5949
3476
3046
3576
4666
7467
4520
4384
2991
210
5258
2211
8744
5518
6718
934
7825
6767
1689
818
8014
3825
6918
6028
6029
2034
4727
240
3754
4540
8396
4935
1083
2048
8865
5011
252
2064
4876
1237
6675
5245
1710
2415
8192
710
747
7037
5299
6447
2715
3693
7579
6129
5164
6979
501
5525
4289
6958
2033
4800
7089
4670
6217
5846
3038
5543
6338
2936
1321
3719
6496
7247
2788
2359
3987
4035
5235
8912
5684
4989
1784
7734
5667
4519
8615
8045
2976
2661
1825
8819
4631
6903
5698
1798
8639
4004
4503
7679
1765
7391
3107
5924
8365
1121
454
2106
5450
703
7832
7032
1141
1654
977
6217
1900
4289
7465
1747
2622
7879
7317
3516
8048
1762
3029
3039
2708
8903
5657
4761
3752
466
3621
2557
2996
955
4930
4494
1555
2221
6312
2293
4427
4232
1444
2791
5198
6152
6856
4570
8303
1439
3914
6799
3766
1835
4921
2043
1752
2086
4719
2150
2410
7623
5669
8605
5943
6311
5431
8992
5816
4699
5971
2639
7370
5836
8891
6857
4833
328
3177
4410
6683
1176
2489
5091
3434
5711
6904
1026
4891
5790
4522
3364
890
5884
3813
441
127
7179
4784
8537
7870
8561
8581
8165
1802
7732
4332
3854
7759
8847
1377
2462
4010
4819
150
1377
6941
6836
720
6299
4112
7759
6956
7390
5152
3048
2014
2044
6918
3150
6101
1295
1821
1731
8501
7245
4961
3057
2510
2928
8805
2173
5137
8669
2096
1503
2421
8675
518
3300
6489
262
7054
7263
643
8889
5250
8735
2415
1364
494
6963
7758
1652
2092
6316
7714
2420
7060
450
4368
6741
8847
3196
4787
6501
4234
8128
8571
4448
3875
6253
2871
5329
4293
1719
3471
1820
4764
6079
5630
2410
2080
5113
3342
138
382
2044
828
1393
3575
7980
5000
4596
7947
8370
1087
7543
5733
3852
5261
7824
8400
8380
8778
5857
6423
4498
7014
8845
3662
509
3610
4849
5218
3290
2055
1743
555
1385
7534
1275
4321
6151
7226
3251
3459
4783
5714
1437
6879
5698
1100
5137
7285
3878
6284
6342
7915
5960
1067
4140
707
6566
2728
3562
4363
8969
1890
2623
6278
2313
1761
7010
840
5978
0
8394
6507
1656
3551
2786
8431
3544
5739
4776
7584
252
1108
4514
3454
19
28
6671
3370
2663
3947
3024
8543
854
8008
8981
8552
3288
8163
4359
1019
1379
356
3461
3487
3353
6899
8788
3244
2880
5466
6283
6274
236
4909
567
4834
8939
1684
6651
8549
2266
6467
8110
4589
1327
2773
6581
1295
7936
3874
6435
1231
2972
6028
4798
4070
1587
297
2089
8646
8090
7111
7612
1463
112
3781
3951
5230
6321
6213
7128
1950
8600
7959
2754
5992
4194
4330
4632
4559
6777
3779
3632
7272
5383
4081
3153
1622
2521
6956
4818
5591
1900
2196
5120
8704
599
6129
1144
4175
4870
8416
4599
8080
8618
6288
2452
7128
800
3662
8840
4149
8385
3583
5515
2659
1878
959
2561
5382
3048
54
1440
6381
2770
28
7251
5544
6869
7595
5469
8710
8172
6923
8125
6219
5850
7431
5243
8846
8869
3670
3394
8610
6392
7064
1524
5361
1519
1620
4562
1661
6725
7434
5949
6090
322
4260
5093
928
1122
6381
6366
5468
2023
722
5639
3517
5793
3364
4178
1956
6771
2341
6355
2836
5489
6728
120
8902
4312
2616
2347
2946
4851
6672
7811
4523
2736
6605
6607
2633
5866
2553
1412
2925
6040
6153
7257
5733
8295
8139
8251
4258
694
8160
3138
6929
5875
4598
6292
2633
6562
2276
6236
6646
3873
464
7484
7192
4119
8842
3328
4859
2262
8145
716
5127
6172
2748
8000
3370
3398
5292
4545
928
1300
2143
7192
6563
4783
4272
7801
6009
2221
2486
4513
1769
1531
357
7819
1486
856
1816
3254
754
7814
7615
5537
7966
2297
6877
7760
2412
4191
1231
5174
1463
3877
6324
784
7833
2750
2527
2999
6429
4609
5144
8364
8451
3812
7979
6134
7407
1583
7600
2259
7310
753
1891
4321
5225
8253
6929
5096
5553
6661
1858
2491
6963
3920
3768
1687
3526
3472
8219
2641
8204
6951
6092
7445
8370
474
1962
3176
4317
6826
8413
2344
571
8979
5035
7129
7288
848
2978
1617
6723
838
7508
7929
1926
6968
806
7199
6255
1829
3276
3488
896
6819
4864
3137
416
7318
7491
5683
5398
5120
6748
961
2651
5018
1977
3946
661
6478
7228
6063
235
3506
6308
5968
6679
3119
2323
1677
7392
6953
4978
853
295
5271
2475
5204
8962
32
1819
2531
6035
5468
3468
4610
3234
7270
8778
2265
6045
2279
6075
3327
1687
1363
6037
766
1534
6083
7675
5184
4555
6156
3399
4664
1093
1886
5633
7924
1047
3194
8330
8767
1665
6910
6682
8805
4314
4652
241
1585
6591
3806
760
1960
3912
4403
6430
4085
200
1585
8467
6484
1988
4200
5686
6100
6495
4199
7102
7428
1183
4917
5136
802
3489
3578
8725
5789
6722
6595
7605
3319
6691
5721
5774
3514
862
2706
283
6626
8419
4801
5330
7644
7375
1258
8462
7131
1736
2720
2308
2024
8947
508
6411
7397
1000
6314
2896
4999
6645
8533
1962
539
4754
1821
7286
8536
1010
2662
6173
1493
2635
4988
571
3838
6821
5891
2413
4560
8957
4092
2743
4775
8768
3413
5415
2636
4891
2347
2369
7832
5134
8928
2143
3879
7906
7054
6807
5537
203
2421
1447
8034
4949
3416
1759
5938
1550
7183
2186
8096
2685
7524
1922
363
3181
6012
3251
6202
2495
8536
8454
4208
5980
3031
830
5095
6714
6112
5136
937
9
685
919
2381
4610
8908
2609
7439
6867
7119
7266
1999
8520
5515
7577
7922
142
980
7881
4885
5030
7325
436
7994
1945
8602
4233
6480
5456
2834
2517
6881
8781
8458
3805
992
1160
2651
4201
5542
7944
7635
4555
7872
1443
1322
13
3441
1781
4779
518
1160
5729
3955
82
4364
4032
8313
195
328
6504
3855
7711
5881
2610
3904
551
1616
4761
8864
4405
2122
2113
1943
7636
3118
7994
7188
2743
6639
8502
8343
4070
1219
3212
1317
4932
1782
97
7859
3073
8590
6819
5010
6911
2015
1978
2542
6045
5270
5562
2008
3983
3099
6709
1213
3550
6951
4665
3502
4617
5953
5299
4916
3584
6869
2442
3503
8515
329
5257
3382
3264
2352
154
526
6027
4755
1259
4952
5386
2422
1129
7786
2549
4879
8198
8890
5603
3686
2443
3827
5585
4198
2587
4817
4031
2476
461
6563
214
4383
7832
7722
7511
3791
871
3142
6733
6553
7030
6380
704
6915
2887
7110
5681
6558
5786
1433
2040
5659
1936
562
4938
8754
8526
5526
7712
6595
1621
4177
8341
2158
54
2020
1197
4727
2451
5462
4332
3937
5804
8057
7405
3907
1943
2258
1539
7343
1697
2281
1965
2457
605
8117
3412
1624
4184
4459
1299
5216
3740
2851
2846
1922
4893
1615
49
7361
1649
6231
2796
5123
1696
2444
2250
2238
2431
3359
5935
6265
801
7387
1437
3948
2120
3424
4894
1775
7903
7989
4286
1845
7143
3257
3332
8261
7578
5104
8202
31
220
6686
6630
643
1367
1648
4844
4317
4749
2125
1273
1863
4416
2680
7348
7979
6957
4814
8705
2189
8307
4905
6527
2614
5715
5308
5897
4449
7495
29
7026
2866
6398
5985
3662
5518
6853
6579
2203
8383
5723
7559
1221
174
6034
6675
7702
3436
3279
2915
1750
6013
8850
1492
4948
3083
2981
8847
4208
7706
1178
8306
2267
5114
910
470
3358
2617
8946
7304
6656
7663
8637
2898
3734
2656
5508
1012
113
4280
4724
104
1613
6073
1962
2979
3377
4269
5147
1631
753
2633
739
520
6194
2597
5424
8871
6958
2320
948
1018
5401
4517
392
613
580
3356
1940
3594
6868
7670
463
649
5134
2425
4871
4891
3650
7217
6010
8654
2525
2901
494
3392
6034
3970
6546
7187
7121
4565
2589
2971
2865
6160
2110
5775
6109
2694
6323
534
5474
3414
6494
8423
8875
1077
7357
627
2222
1574
172
3839
6039
8183
5417
6530
890
4606
4896
4012
6895
938
2516
321
3684
227
3578
5460
972
8487
7635
7581
8526
4194
6030
4295
6258
4419
3212
3443
7312
1706
7628
8593
3926
8226
1726
6733
1981
7296
6392
7061
5009
4377
5124
4522
3240
4052
4815
2180
4292
8151
2052
8973
677
2417
3626
7465
1261
1739
7849
6007
1719
8430
7376
4825
4581
3327
7659
4497
3193
3225
8829
2822
2348
7553
1879
6468
4227
6424
4431
277
2406
1500
5272
2601
5930
3698
5077
1549
7294
5127
652
7059
8577
7670
6151
6224
5084
4020
1015
1219
2177
6695
4895
7664
3600
3118
3117
7723
4617
8754
3568
3587
7575
4913
8122
3157
7716
1582
5142
2962
5008
7440
5305
5170
1406
6201
6719
7620
5962
7317
3135
6752
3894
3235
2610
5831
7363
6851
8847
451
6110
2549
6447
4234
6748
7223
7088
7771
932
6959
2256
7345
7702
3723
5889
6819
2494
886
8107
1392
4500
2946
1401
4365
2744
1756
5474
5917
5775
3695
8866
1864
5491
3791
7940
6756
6059
1897
97
7309
1563
8022
3085
8899
4519
4720
2392
148
5053
1776
5876
4833
2797
2193
5903
7008
8374
4766
6303
3630
3581
2186
2725
5669
6425
1158
5185
5399
5421
2114
7260
7056
1872
1053
4853
4775
6581
3555
4162
6048
8745
1452
2470
6631
5400
263
1547
5919
1370
201
2959
582
7579
2996
29
1501
1656
930
7581
6420
6362
6151
45
5170
1454
2157
7093
1015
5808
1861
1966
2173
1878
8086
30
1052
6026
7379
4710
8432
4951
1772
2301
8187
4879
608
537
6036
4202
6478
5123
4088
3574
6509
596
6123
6762
5123
1846
2879
3155
5674
3722
431
657
971
1579
1194
3527
7656
2036
7216
347
8813
6584
3257
6860
4557
6600
4236
4513
3533
7475
910
2162
1266
806
108
3507
1173
7537
896
4055
3224
8466
7408
4833
3561
5557
1571
6576
4114
4914
4289
735
8859
1638
1694
460
6927
3343
3842
3455
2121
5711
2580
8612
1809
1690
7483
545
8438
6434
7938
6764
6481
4840
1550
6118
6175
6598
274
7687
3842
3588
3820
5782
3805
5734
5220
7046
1903
6620
4850
4975
5362
7342
7070
6438
1142
6115
735
4177
6734
6267
6874
4580
7390
696
6006
2881
8043
5272
3355
8638
5975
8620
3375
1986
5197
2305
537
4595
6783
4495
3176
6883
6082
3827
8151
1599
3305
6951
5377
6
2790
3595
5396
5661
2231
1725
2606
4379
3470
6024
7357
1122
6053
4473
280
6503
1083
7934
4582
4857
3563
4041
1637
829
2687
4786
5951
1094
1622
1630
2630
1154
3506
8219
5717
7483
6139
1913
4692
8639
3144
4068
3083
6429
7865
7805
6387
4940
3287
4197
3679
7568
1363
900
6999
1447
7501
2488
7205
5320
5244
3572
2076
2430
2319
3969
988
3629
5152
1132
8558
6607
4681
562
5216
5409
2245
1548
4685
6708
813
2867
1105
4614
8654
4335
1470
1163
1979
1958
2039
7059
3945
5523
2748
3744
177
2737
8491
6042
8498
777
8004
2382
4556
8175
6133
3210
8292
1670
6270
6953
7353
8328
4128
2873
7082
7771
6300
2405
4455
7621
6384
2934
847
3328
1488
7785
1308
1158
6774
923
261
5872
6924
1335
7389
1856
8344
5998
3747
895
2967
1383
576
2943
7836
1537
4146
2362
7757
6942
1596
7903
6381
1281
7294
7788
804
8655
2687
6983
1217
4565
7293
1256
4938
4851
7487
8190
6680
7832
6526
4429
707
6414
5617
1925
3638
8526
4545
2357
7125
4307
879
8551
7641
6959
8981
8465
6325
2494
3893
7064
7563
6429
5501
1872
940
3053
2329
232
4280
6359
1474
2040
776
3589
7704
3018
6968
2486
266
5662
4374
698
1821
5027
4415
2227
8841
3409
158
8935
1765
3761
5761
2832
2272
6219
6194
5803
4254
1131
2516
5304
683
8474
5113
5411
8544
6708
6759
1805
672
792
4172
2215
1229
8513
8143
5480
5509
3305
2184
7049
5511
4209
5383
8848
4785
4307
3760
580
7989
7063
7733
6566
2585
7200
3585
8442
2174
5391
7663
893
6303
198
7363
7761
8991
1177
7089
8797
1829
1712
8569
8860
3531
465
1711
3513
3096
5050
8804
4123
4888
2722
1820
1816
5365
2377
8372
7612
5380
5076
4900
5041
6618
1475
8919
4943
8763
8781
1058
5582
5467
7152
7551
7461
3895
1617
1429
4627
5991
5286
4460
4456
2992
1001
3239
8411
3384
7970
3513
5670
1308
2985
3120
6357
1245
2297
4879
2199
4702
3783
167
6419
8969
1137
3829
4799
6618
6218
7805
7815
837
4315
4129
24
5915
8966
472
2496
5160
7778
3279
371
7324
7445
780
5577
2558
5954
1115
2608
621
4608
945
3852
7095
6211
8010
8160
6282
7910
6282
7110
7301
860
5635
7020
7684
6
8605
7708
3777
2624
4049
1993
1544
3416
3624
1081
61
7985
2638
2203
6507
22
8013
4295
5851
183
4698
1857
8800
6356
8089
801
3499
3010
674
3295
1528
7691
7647
4581
5293
6520
2168
8415
5476
524
5053
7764
2487
7795
5519
4693
8806
8505
5231
6378
2349
2230
1209
8387
7632
4974
8984
7270
2553
5911
2388
8164
4938
5688
2607
3662
2158
7816
8175
7977
2492
3377
5029
7290
1860
8751
1027
3521
2439
8740
1364
5777
8136
8005
11
2684
5655
4975
4159
5539
2649
899
6172
7974
5990
2466
7742
4222
3021
460
4834
2447
6293
417
5101
365
4248
5774
332
4388
5765
3258
6002
5310
719
4310
8437
8992
2736
848
2008
2750
8933
3319
8037
5632
4694
1593
5010
1811
8905
6458
8207
8553
5574
2664
2907
2802
5814
8869
5439
3514
3087
595
3448
4067
2313
5867
1560
3253
4670
3883
6956
6368
6226
8400
1322
437
6199
6571
6896
417
1341
7158
5435
5888
471
3873
7107
3920
4292
7193
7552
4189
2013
7828
3603
3198
7417
7550
988
2546
6043
6365
3688
2811
3766
8443
638
1004
1167
757
8122
5046
8331
3703
5120
2027
464
5951
6205
8729
842
7416
8188
150
685
5302
673
1045
7397
115
3252
7388
8386
3528
717
5622
4723
7326
6196
3661
2079
2884
3842
7890
597
2628
7311
343
7544
1452
3925
3238
72
7387
457
6515
327
4761
782
8977
5144
3228
2813
6535
901
239
1723
4323
6964
3991
1458
3959
6343
4748
8527
2452
3133
8
7541
8121
5899
3469
6730
5381
4576
3213
2507
4154
3398
7469
5415
2680
647
5827
8475
4788
5186
7864
4247
4706
2038
627
1702
6331
3079
6757
8146
2727
6440
738
1441
3842
502
6465
8369
6011
4908
3502
1843
7373
8080
3836
2002
564
6970
5401
6587
4040
7108
3955
205
3787
5414
7401
8665
7999
7159
5457
3390
2043
7882
7482
4903
3239
6184
7261
7604
3432
6027
784
524
856
4414
3707
2948
8608
2904
4987
4835
4732
7136
6757
3525
564
4954
1328
5233
4623
5230
1244
7370
3132
304
8285
4679
1164
4655
2126
679
6410
8720
2590
3501
3224
2349
4967
4802
5710
5504
6763
3160
1964
1928
5927
5101
7600
8382
7544
985
8069
7823
6855
5768
1678
927
869
274
7421
3237
4557
320
5789
1812
242
683
3802
541
5152
6067
987
6288
7107
6033
4832
281
6503
8232
3427
5750
7985
970
5019
2023
1865
1574
8217
6818
4793
1200
5534
8791
6357
119
4545
6793
5612
5079
8969
4518
5830
1498
549
1657
1190
2768
3808
8426
4872
6652
8117
7993
8611
7441
7731
1707
8268
4763
4801
6922
3737
6258
8978
5046
1194
8163
4583
4910
2084
8773
2787
3232
7769
6307
7762
484
7148
1135
7630
7698
3594
1626
4050
5134
2815
8068
4591
599
8371
3569
7601
396
410
7873
592
3011
128
900
2512
379
539
8069
3851
1414
864
2884
4611
6644
8991
6127
8441
6399
3397
5495
6
5291
1911
8538
5882
5453
7318
4123
3
7980
3808
6873
937
1180
7899
3293
249
5143
8818
946
8075
4775
8281
4776
2330
5335
3128
448
3197
5162
3661
6247
8337
3814
7195
3630
3807
856
4325
8343
6666
2015
8850
3142
7075
5523
7865
5012
1029
4380
6973
2157
8556
4223
3353
4006
7952
3376
7362
1938
211
266
2294
8309
3682
5396
2009
2296
3644
5735
6765
658
3
8903
1404
2846
4955
3950
6175
6627
7963
152
5711
6784
4987
1116
2277
6251
2290
4683
3220
2999
7790
8242
311
7836
8262
1660
2269
6714
1278
8066
5957
6899
4850
4019
6298
2643
7968
8176
2501
8046
1488
3720
1481
1249
4711
4347
5844
6476
796
7078
2256
1236
8662
8639
2639
2479
1487
8266
100
2606
8091
8356
3898
346
8870
1633
4001
3590
5384
58
8127
4594
986
6097
89
2235
8727
4968
6500
4464
6540
5788
1210
8883
2223
8831
5623
8156
1714
8812
4169
8752
4162
881
7935
4235
7671
7424
5070
8866
8593
6128
6626
333
199
2303
6126
4688
1241
6489
1419
8681
4415
923
798
3452
2268
7961
5889
1501
5183
993
2420
3613
2042
5026
4250
6956
3432
306
2892
6964
902
7906
5090
719
5302
3134
6275
6992
5432
2594
4769
8043
947
5427
5795
964
2793
6166
4094
8484
558
5321
4666
7870
5742
3592
2154
4129
6545
547
4272
6780
5796
6697
246
6540
6106
1400
1643
3781
5414
5775
1217
5302
4892
8011
4868
1275
8137
6798
2432
737
2766
8586
4692
4504
5960
4459
6615
1395
5385
5281
6063
3268
3564
3078
6425
504
4115
6526
6586
1740
7723
2908
7550
2059
420
7097
7079
6018
1317
7157
8030
6721
3051
6071
4528
22
8599
7952
1256
2749
6076
4704
3648
3687
2633
6014
8657
2059
8210
6276
6800
8016
4170
72
4555
5442
8786
3914
7586
6129
5283
5587
4587
8731
6659
1585
5199
3719
3571
1269
5703
1653
5596
5441
3298
3148
5237
3226
2021
5928
6994
5563
4327
4747
1198
1931
6190
6890
330
6723
7617
6129
4307
1183
3539
7374
8433
7146
5489
7131
6871
155
1036
2479
1146
3084
6876
5874
4384
1385
4887
8545
4249
2900
5986
6308
6413
4912
1527
4950
4642
2185
8971
8349
1854
968
6260
6596
6759
7673
5298
5685
1948
3619
4167
8104
4133
5429
790
3094
5966
1031
4411
3269
6758
6399
3757
5745
4423
7655
4775
7220
4676
8975
3085
7768
4592
7567
8824
6144
3786
3190
2113
1325
7238
3743
3703
4312
4611
7896
872
63
896
827
6365
5703
1219
8243
3871
7600
2249
6529
3738
2797
2965
8916
1443
3779
947
1648
177
8148
2580
2560
3138
7992
3761
3517
6076
7588
3542
4145
6104
8779
1469
8675
465
6753
715
2540
8169
1027
8701
4156
6510
7585
3693
706
593
3472
6815
2299
4505
446
6953
1037
4149
2822
8120
454
4822
7846
7459
5196
7128
2752
5216
4657
7876
5299
5193
5903
1536
3263
4435
515
119
8621
3493
4152
7344
3515
4876
8623
3980
8009
7937
923
4885
3742
1441
6757
3802
6698
3243
2162
5385
1334
992
123
7679
6083
4894
4386
4552
3193
6277
609
6454
67
6568
3598
3150
8052
2854
5432
2508
401
5190
8141
7344
8194
5287
174
8331
937
1582
6296
7881
5272
5182
6433
4256
2236
4530
3415
7070
6311
3333
6546
445
6520
3597
826
8912
4014
3833
501
177
1983
535
945
6366
5870
269
5547
7584
5781
5332
6641
4281
3501
2247
2223
6815
7861
1661
8232
2026
1740
6562
4964
6759
8577
6435
8055
4823
2926
1059
5923
7865
4939
5646
4667
3721
1083
1951
1673
8043
4586
1599
7417
6861
8793
3155
4614
3294
4916
5673
207
7201
6380
1058
804
5091
5844
8381
7963
198
8592
6490
4720
1954
3429
2740
181
960
5555
4182
6979
1965
1495
4415
2250
888
1789
8425
6457
3186
2382
3045
8714
4693
5642
4081
8312
1996
5966
7366
6790
6061
4489
7659
4635
8219
3336
3992
3323
3781
2602
805
7627
5618
8105
6663
7092
7138
7549
1933
4108
4736
1231
496
4028
6709
5544
4217
6936
1436
1309
7539
6290
1814
3004
3868
56
4284
7017
8275
7665
7912
5610
8459
7188
4348
1633
1832
2734
1906
1650
2210
5707
1775
3420
6308
5721
2507
4199
8957
8461
2207
4190
2710
2600
7136
8578
8238
893
3115
5915
7572
4647
8343
7751
2339
2995
8626
1614
7685
1419
8080
5098
2856
4209
5489
1645
1165
4076
3151
6441
1973
4815
744
8746
2003
6283
540
7133
5253
1886
7852
8812
6668
282
4387
3568
1562
8704
5596
4812
4964
7809
5045
3016
1709
7261
578
6361
5031
5512
3011
5056
8960
5999
4197
6342
5506
8523
1544
6907
284
6787
5580
57
4378
2940
2809
6262
7066
5121
2936
4807
3926
7437
4136
8106
1952
1330
8967
600
4036
7616
515
5446
8599
1677
3312
480
2636
3124
1910
587
6254
4935
4023
3431
173
777
1757
6894
2216
4665
4471
7012
6476
2325
507
2209
75
6450
6792
3606
563
3188
3029
6200
8736
5003
7315
5031
2275
197
1108
696
2509
2716
7677
2675
4024
2557
2519
92
544
5657
4115
2972
3254
225
5167
1137
4748
4796
5870
3536
3413
6642
1041
7678
5603
8981
5362
2219
2808
3711
8776
4182
7367
8423
5668
8120
2951
7420
7749
4662
6624
8291
865
5771
29
4869
3073
8383
1127
4568
5988
11
2230
3624
5957
6639
6259
1660
4179
6624
4477
6686
7601
8865
5032
2747
6362
1291
6179
1991
0
3687
3431
2623
1718
8035
7310
4224
6219
1557
8292
2264
6376
6905
5336
1431
4366
8492
7726
1920
7677
8404
6985
1307
7505
5412
7806
8571
5218
894
6781
6069
1233
8071
381
8586
1062
8800
619
6141
7479
3109
5185
3379
3582
7980
6656
1019
6494
7486
8959
4122
3463
4383
7330
6728
3450
599
2065
7597
6839
2683
3613
553
1692
5824
153
2713
5495
6011
7720
4569
4843
2568
5467
2151
5510
2315
264
6391
5249
8540
7887
7023
5044
538
121
3067
2352
2752
812
8456
2062
8551
2184
7300
7616
2027
8717
3220
2208
110
4861
90
5863
3090
2658
1504
7932
8742
1173
1810
6811
257
8653
2014
872
6900
8407
3021
338
3760
3481
4034
5537
8882
1641
4510
6633
6637
7504
5109
1391
1449
7160
8071
3536
2959
3949
475
725
7387
2828
6880
3007
955
772
5007
6623
1997
8062
1712
14
5238
4596
8419
2347
7863
8174
4558
4269
4132
6012
6067
2179
8722
7366
5448
2254
3263
6884
7647
2779
2600
6137
8823
620
6611
2955
7138
8645
219
5709
8777
5143
5708
292
1276
3749
7002
5152
6013
1271
3874
8671
8104
1701
186
7391
7200
1422
1215
1064
7957
7871
7413
4982
4877
1685
2350
2558
8870
5854
8409
4605
1210
1374
3791
4458
6066
2977
4983
5571
3715
733
8491
4258
221
8544
5683
2318
6173
3585
8440
8484
8027
2761
5028
6006
6615
4173
4014
8631
354
3612
8932
7412
1139
1379
5112
8757
2818
4401
3047
6035
3187
4325
8993
2059
7933
4853
4407
8407
8252
2093
3690
7269
5033
8935
823
5276
3161
4418
6315
7649
3779
1932
7802
8588
935
3756
8605
222
3234
3846
6404
2175
1793
3420
3848
7798
187
1646
297
2167
420
3739
8173
7299
1116
2605
1656
1364
6534
600
417
4261
6656
5700
1429
4199
8604
788
327
1460
8196
1834
4482
7753
648
1901
6904
6340
4436
6550
22
5984
1681
5719
8372
7601
1790
4443
8369
1674
1779
6208
7585
3085
8322
3211
8078
2087
2002
7575
621
4382
2916
7793
6670
2160
3281
4875
6912
8863
2551
4228
5048
4887
3257
5789
8090
8605
2089
2005
3489
7385
5767
7936
105
623
359
5336
888
2234
8451
8732
7666
7888
3535
515
7769
8297
8087
4886
5390
5390
7169
4552
2296
255
8801
3200
890
234
8594
6600
2874
588
6286
3025
353
391
1868
275
3420
1081
3499
3085
795
2619
7851
6995
139
4395
7669
2445
6798
4994
179
8447
743
8196
8926
3463
945
7326
7771
2019
3985
4919
7480
7079
1734
5126
7047
4358
5624
6496
473
7598
1991
3553
6539
1800
7530
6706
4660
3128
2938
5500
4610
5728
7058
6487
194
8152
5980
1856
3698
2615
8055
1422
343
8759
5449
7128
1100
5470
8065
2592
2889
466
592
7452
4157
3724
2490
8087
5205
5231
3689
2456
8338
3890
1750
4967
3196
6291
6944
816
4233
7958
6862
2066
1319
1232
402
2918
3977
4781
7193
5889
1947
6971
5849
47
8341
965
1679
3614
6399
4760
3266
8527
5771
94
5017
8041
5995
7615
8097
5974
3851
4974
8446
3217
2379
2266
3079
5001
1997
2052
4237
4650
7870
331
1014
1068
4197
491
2878
7513
8219
6529
6912
5803
6536
8498
1689
2286
1109
6543
3795
6499
2204
1075
733
204
7261
8363
5861
5922
7451
2061
2442
5162
7488
6685
3203
874
3518
56
2296
1278
2511
6537
4536
389
6760
5220
3177
5798
2818
7997
5480
5138
6735
6062
4903
7040
6392
5276
1474
326
3734
364
7147
3643
4892
8876
6363
5268
2090
1616
7796
53
860
2957
6277
1558
6365
2794
1538
1130
7913
3927
11
851
46
7948
582
126
3171
6108
5678
8273
705
8615
1642
6722
190
1918
4284
250
6944
269
2610
6197
7902
5353
7460
6342
1891
7056
2157
3636
7689
1026
7458
6657
5401
8240
6012
567
1548
6213
423
432
375
2036
1571
2097
3654
8141
5521
4137
5572
5481
1846
936
3632
6445
4691
5624
6769
5641
6181
1218
6183
3777
6393
668
608
8390
8520
5747
1606
315
7041
5939
4735
6133
6294
3916
435
4270
2876
5196
8963
3140
491
2491
7851
5889
1880
2085
3917
5717
3623
8902
4429
1708
7150
5367
5386
3232
1339
2688
8415
5229
792
1000
4604
2812
8307
1539
4777
3207
4385
1476
2414
2260
122
2235
6509
6097
8193
8486
3176
7313
2063
3842
201
7377
6571
7692
6984
895
2111
1893
8679
4677
439
8319
749
740
7875
655
2833
334
5165
4182
1248
921
5307
8867
603
1244
8030
1078
8450
7051
7095
4466
2595
565
3058
4284
6614
3556
7010
8948
6243
2755
4162
1957
6744
1062
1286
3957
4785
495
7857
7399
7177
6236
230
8484
7947
2471
1096
6806
5093
6453
883
7355
3138
6980
6705
415
2833
6034
8947
4689
5194
1983
1703
7100
7919
605
8114
4974
4664
7395
3438
2593
3820
3005
8835
7449
1814
6808
3129
4433
6183
4436
5240
8882
6636
1806
2178
5404
1646
704
707
7124
7983
4744
2919
1251
306
8488
2019
692
1617
4892
6752
8080
3120
4381
2922
1996
6301
8293
7838
3453
8174
3097
869
259
8561
6355
1114
4019
1207
8427
3258
1366
8701
6373
3301
3783
6312
1076
2988
6485
6269
3609
8266
7199
8964
600
7895
402
1924
3218
3311
7656
8434
5500
6573
4384
6394
6723
4569
2667
8171
8545
6176
2635
7197
8141
8276
1354
8388
4403
4695
4037
6245
7258
2989
2004
247
2714
1483
2761
8913
7725
1354
460
8776
4071
1779
6070
3799
3621
5592
2888
2889
3737
1279
912
4697
627
3015
896
5023
8146
4159
1062
5968
7668
1661
5938
1168
2911
3582
4731
5895
8899
5323
2426
1197
8109
367
6816
8990
1529
6169
5778
7809
4001
4789
5966
40
1449
2218
8114
4775
7241
6363
5320
2764
7876
4209
1693
8834
2545
3120
8680
5654
4603
7678
2343
6188
78
3515
4684
8295
183
4607
9
3833
8385
3696
337
2213
6387
8560
2025
7145
2916
8274
8051
2968
1266
6330
4653
6804
1941
863
4939
2990
437
7770
4140
2351
1285
8271
526
222
1063
4224
3806
7891
7451
7305
6704
1961
408
6251
4097
4048
6764
2126
1708
2624
8154
6788
6045
591
5318
1222
3119
7168
6282
5089
4148
4782
5343
7974
3207
4226
4195
3946
3115
6504
1730
4404
750
514
6484
7413
124
3893
5917
62
413
7159
3063
2895
7264
2817
8730
7862
3446
7613
3590
4519
2659
3334
3273
1898
4207
1782
4481
8872
7158
2687
862
8384
3946
7242
6853
4984
2169
4987
3662
8049
6516
6041
7652
1037
7584
8187
8443
4700
413
3149
1936
5553
1461
497
182
7476
1628
3483
509
1168
3046
2275
1356
5680
6298
6654
1961
4069
8983
1578
8286
1117
5994
4061
7981
531
1982
3989
6981
4216
4344
7808
3817
6748
3095
7859
5628
7581
2091
3481
5377
808
7958
8656
5412
2461
4896
7012
2738
3051
1350
4969
737
7710
6626
891
6137
2520
996
4421
4503
4089
429
7679
1544
3048
4194
6188
2503
933
7129
8869
5233
2273
4014
4884
8221
2470
5955
3257
4082
1514
8228
1748
7314
8691
4497
8204
2847
1417
7774
8214
2236
7986
6220
4775
2879
8174
8916
8653
6136
4252
3472
7362
7403
5064
7798
2539
6818
8807
7660
2811
1852
3622
2002
8576
4046
2920
442
3295
8201
4364
7882
991
992
2798
385
8496
2562
2541
6606
1772
6776
8473
4603
3096
8931
4054
3250
8369
8057
4851
7762
2592
2464
699
3258
7478
5178
6207
4167
6921
885
8369
4456
7450
3078
210
3805
1639
5557
6140
4417
4483
2385
5634
4840
8820
95
6381
53
7919
1371
728
492
928
8106
7186
7026
1763
1376
7961
2656
7162
2953
7639
2167
1060
2182
2700
4630
5820
4834
6469
140
2412
759
7567
3423
8125
2034
6419
3667
3145
5310
2020
5530
2836
3333
8546
7570
5760
2959
3443
2971
6121
7497
1910
3701
1943
585
2753
8053
8381
8763
6621
3020
6511
3610
3367
7109
5964
6765
2597
3506
5367
2908
309
7261
7457
3035
1045
2553
112
4040
483
4134
4265
4631
5575
2335
8204
5883
4415
5200
6486
5764
7131
8759
2635
5779
7652
6819
7858
1229
7469
890
892
4632
4843
2465
993
414
7872
4856
3071
1645
8727
7398
2461
7415
7978
7512
4331
8671
8710
1312
132
6279
5823
4479
4869
6828
5241
145
709
5791
843
7653
2646
7686
1047
7626
3506
6712
5304
7258
7903
3241
2610
5857
6848
2191
2256
7994
6237
5213
7113
4132
4566
6754
8354
8766
3290
3972
4319
3469
6994
1931
8325
6309
5368
7106
714
5562
67
3038
5738
7892
7319
2343
6626
8934
2606
5450
2626
160
3569
5891
5815
2271
2966
7741
8839
8284
6112
3125
2661
5440
1119
1606
4040
1296
5341
159
2810
1472
4313
767
5042
5814
7296
4242
6927
8393
5878
7044
1064
5508
291
4116
5897
2373
7680
3788
2690
8112
7561
5953
6641
4971
7630
6233
4158
1339
6016
2503
8673
4973
5711
5869
4507
8723
7581
3435
2109
3639
7905
7063
5926
5752
3547
88
7584
1586
4969
6099
11
834
1013
6240
2696
6578
252
8842
6384
101
5837
7040
2125
8243
343
256
6274
3934
5062
2058
1029
5522
1506
2592
8064
3463
4601
7075
4585
3540
8123
3988
8914
7295
2459
3899
4195
8410
8681
7133
146
8049
7536
8291
1568
3381
1039
2280
8478
8458
4063
2907
140
3775
1068
8760
3890
735
155
6253
8694
3244
868
5746
8661
2126
2826
8429
5389
8984
4625
3810
4077
8714
1168
8550
4831
5993
1338
3504
4428
1372
8501
5765
3679
6226
2293
7062
7458
2732
8016
3141
5416
1590
2889
7545
5732
7951
5729
8033
4673
8295
2595
1373
281
948
5550
7015
8049
2222
1987
2665
5840
3467
2873
1065
3023
1236
1708
5252
5217
6914
1833
5039
1434
7460
3086
3967
7421
549
5081
5779
4870
6010
4000
3907
3464
4381
8829
1334
6279
7614
6422
523
7138
705
3612
752
1326
679
6733
8094
1397
8172
1671
6731
3191
552
6042
2112
8460
5394
1376
6839
5886
8784
8382
7407
1968
502
1517
5434
8024
876
1687
4577
5991
5132
3570
1924
1657
5996
4782
8896
5896
931
8109
8227
5822
6156
1198
7666
6751
937
7500
1162
3260
5401
8055
4728
4120
2265
3501
7853
1154
4257
5772
5326
8908
7900
4295
2496
4577
4951
101
1984
7143
2764
8783
2163
8279
5260
853
3839
1527
5765
3140
1860
1385
2902
2010
1963
1232
910
2127
6384
7103
3622
2014
1087
1146
1576
772
986
5856
4758
3116
6504
5919
5374
2128
3394
2138
2922
966
5662
6276
1084
6171
1879
4060
2496
1356
2373
6455
5024
5457
6063
3873
6343
3735
1543
861
6135
4458
2082
1934
3381
1361
6573
6722
1794
5583
3231
2717
8419
4246
196
6162
7675
3389
5143
3243
1283
3420
5217
6364
2220
6955
4438
586
8855
1320
2300
4350
4995
2317
7741
1128
8785
8715
4137
5812
6028
7629
2852
4133
3771
4986
2378
8734
5230
1052
7365
5348
7939
1775
3423
7409
2683
8705
4442
158
7426
6125
8357
5515
738
744
7902
5791
3861
127
5921
8200
3788
4616
5251
7393
6247
1409
2705
8871
424
5947
6291
1896
7166
7818
2259
7518
7029
7802
1425
6061
7642
5804
4780
1358
444
3299
7414
2524
5875
6437
6239
908
1083
8951
1484
6554
3999
6395
2979
3504
4423
5190
2118
8154
618
8761
4013
1340
6838
3442
5011
3910
4336
5642
4173
681
5040
8125
8580
8009
1777
923
3875
5410
3965
5325
3765
613
4012
5869
6575
207
4583
3146
6547
4926
4364
3274
8928
2316
306
2922
8311
6222
6781
6169
3340
4413
5732
6291
940
2390
6013
2759
5446
4516
6407
551
1858
8420
7509
7320
6956
6200
968
2639
8295
3240
7536
6569
7524
1389
4645
8817
2205
4640
2698
7397
6473
3546
267
1685
4188
5798
2480
8674
3613
5022
6937
5283
7628
7514
5163
7758
3742
3784
6740
8645
3787
8719
6112
3047
7599
4250
6808
8376
1906
4776
93
6492
4475
6823
8053
450
8387
7825
7038
1223
1163
6664
5858
6248
2785
2263
5720
1624
430
3500
7993
1393
6868
7504
5269
3503
643
4549
379
8938
8710
643
1760
4346
2543
2754
8935
3629
790
2901
4366
3078
7033
887
287
5394
91
5897
8930
4459
2931
5183
1326
3200
2327
7647
8150
5927
8448
6522
2537
4675
8485
3379
575
7063
3206
2750
4401
1747
646
514
8228
1873
234
5180
4991
3503
1374
561
4612
5065
7858
5149
2679
6922
4507
6581
6049
4549
4157
3211
1194
8934
7731
8248
8433
1322
7860
1222
1513
7108
2181
3246
31
8295
897
8387
524
827
7492
3617
276
2267
211
8297
4355
5302
8918
2568
4223
148
2524
5251
1768
392
5868
7963
4144
8748
7627
7878
8443
6980
2443
4958
3016
1114
8233
5596
3374
3742
4635
8281
4431
5245
7200
3391
520
5507
5072
5953
4333
8229
6302
3381
6632
3994
5365
3538
797
848
7254
1640
511
5418
4390
3209
7084
2763
2550
2440
6823
1867
1648
4719
3398
3117
7157
8197
5829
995
6763
2334
6354
5244
8404
8270
5105
3014
936
8809
3731
1170
333
697
2164
8069
139
5528
2990
3542
5863
8417
3110
2817
3207
7424
3204
2836
3877
2757
8510
1587
6984
5819
8251
5610
3557
3814
6875
620
6221
4855
1495
854
6018
2470
6562
5886
3552
4391
1767
6271
1088
8423
5863
4322
2191
4968
1232
593
6706
2874
1969
5941
6660
8221
5394
6867
1218
6336
2624
8119
884
6234
5945
4499
8475
2186
5685
7102
4121
3878
8665
8619
929
2668
6018
8659
6017
8526
6424
8695
2994
1916
69
5774
5728
5120
3954
3654
3468
7421
3779
4630
3259
6961
7465
6634
7094
3329
1822
6918
1627
2080
1945
8255
1602
6075
3265
5136
2594
8898
8393
2777
7676
7342
2044
233
7269
6746
6008
7981
2892
3208
7405
2856
4969
2686
1227
7730
2292
4395
2661
6316
86
7277
3732
7072
4056
5544
6088
7288
3834
6137
8157
811
7909
8533
4876
2270
7310
691
4251
2021
731
1830
4710
1023
1075
4588
727
5443
2500
7319
5817
7151
4979
4503
7081
5748
8296
7610
8344
5903
6004
5787
5244
735
8383
7081
2373
7861
6946
1688
2931
6434
5844
3491
3302
62
3157
7081
103
8165
8969
6219
2799
8262
7076
1196
4948
2308
5178
3309
8540
3727
3267
3439
4239
8894
675
4696
6402
3240
1542
4916
3087
7128
5329
5071
7684
993
2883
8488
5312
8106
8701
7260
7005
3408
7011
6693
4864
1727
5105
3026
7393
203
3820
4325
5915
4051
7114
446
8472
5734
1544
8909
6493
4675
7383
3871
4959
615
1991
8593
7195
7974
8195
7512
652
1856
4046
1145
1466
7578
7325
5167
2278
1766
4260
7941
3412
5131
5901
8490
1133
3475
298
5795
3017
1264
506
7135
4690
4069
7832
8042
7066
5071
6489
6432
6876
219
4608
4053
216
8567
6625
4566
8584
5327
8033
2710
4094
8565
6873
4446
4779
1341
2293
1186
6299
7363
8693
3902
3004
7459
147
1908
7450
4340
3904
707
8948
4484
7512
2194
5833
1093
7302
3153
3099
3510
484
4573
7107
5098
654
290
8327
1218
6069
1815
2976
3235
8322
4704
6489
3505
574
7545
6381
4287
7856
5363
4493
6054
4749
4745
1334
5869
4367
6687
8267
4009
8462
6497
3108
5502
8817
1154
3554
4983
5044
261
5525
3803
1505
6027
5743
1369
7668
8044
6170
6818
775
278
1961
8201
345
5839
6731
6857
6460
3800
8857
2064
2855
5036
4644
4137
2946
701
8731
2483
6874
3164
6735
7050
8213
1329
470
8740
7616
4399
5612
1957
2369
1757
8423
872
8784
6362
4135
2283
7675
7972
4371
4664
7825
3963
5092
2608
7020
2262
2838
533
2245
6003
116
3023
4745
419
3190
6258
5450
7958
2162
3704
7954
7204
3416
4118
1144
5920
8195
8623
1295
1786
4978
5806
6677
1917
8386
7963
1856
5188
863
7279
7073
992
1704
375
237
4226
286
3217
3094
8407
6575
3326
608
3169
7994
3469
8371
5826
7286
1741
3669
5310
545
8513
6107
3978
1628
3278
1645
5078
2722
5774
2450
8062
5636
1651
1741
6952
4887
5244
7718
2673
6770
1231
5203
5655
1248
8392
5885
4583
2394
489
889
1807
6561
7286
7651
7740
3458
8534
7694
7023
61
3539
874
1532
2401
4180
2591
332
5191
7405
2939
6511
3343
7056
4623
7289
6524
1913
5909
8181
4760
1505
6675
6847
3170
5938
6809
1795
4292
3630
5967
2052
7828
7555
7906
4251
3076
5878
6241
7423
4617
3256
3860
3420
6337
7907
5419
8516
1248
1339
2231
525
5854
6656
6811
6423
1709
7484
1003
4258
1706
4768
2956
5066
4922
859
3109
4124
1679
2264
1020
2438
6260
7175
1397
3363
7228
2663
8711
8308
1009
2832
1531
4048
1017
1805
287
4586
8371
7786
7546
258
3828
7219
7719
7016
7957
4099
6493
8832
3060
2975
2220
3631
549
4473
4437
6276
2034
4180
3328
6889
452
4270
3455
7443
4243
559
8516
5934
4161
4117
3902
3358
4845
3798
3090
8245
3809
359
8376
4378
5237
3215
1589
727
5171
3357
6576
4856
5470
6572
3373
7812
2511
1082
5993
6270
5817
305
3520
3146
2663
6824
6902
3807
5717
2105
5967
615
6768
7999
8579
7677
6142
627
4591
8291
1629
4549
8719
6281
4668
7005
6757
8665
3353
962
1000
430
5069
6687
3106
2847
6142
3051
7032
8790
4753
2015
2144
1504
3020
2581
579
3952
740
8550
8165
5441
3138
8436
4433
1127
3502
1623
2848
8118
1316
340
1389
1681
1983
5941
2588
2679
1254
473
2007
7105
8371
411
1569
4078
892
3574
6313
8010
5584
4197
1587
3212
8714
4076
3806
6714
5748
1273
5814
5038
2946
5411
3418
4347
6734
2390
1005
2341
7336
8024
2547
6908
6421
6474
1227
1117
5025
259
8105
4938
6569
4255
1474
4764
4551
184
1509
4795
719
1655
2279
271
8349
4986
1548
5399
6991
8881
6413
4764
6471
6550
6526
4314
5561
2271
3587
1949
1408
5496
8309
7719
1089
6901
6490
1434
6821
5462
601
1185
8621
6358
5372
3187
7893
4816
6949
3798
1518
5443
6818
3905
7168
6383
1047
6602
4282
3614
7100
7315
6347
5534
5044
3775
8777
2583
6908
5081
4205
5392
5640
6551
3547
5196
3647
1416
6799
8444
4174
2889
3838
2589
4803
5024
5675
6001
6634
6223
2295
1260
6272
5545
6809
2268
5508
48
6288
7965
7744
6449
2806
1865
6024
2739
852
6833
1235
4633
4336
5189
5415
8567
4119
3585
4303
8954
368
7965
5646
5452
5635
5318
8380
1753
756
5351
6046
2052
8274
6294
2952
7183
3216
2424
3490
8343
4112
23
8926
281
6519
985
2562
6407
7113
4518
6630
6983
3915
48
8158
5148
1855
7916
1733
2138
3966
4889
2215
8192
4801
1044
847
3241
4567
7257
3907
3111
6323
7351
7197
8622
4753
4009
5358
1588
5910
2987
5975
4762
6655
2348
5877
4874
8614
4921
8607
6398
6324
1891
2413
2564
3694
5832
6200
2047
8203
400
6330
1345
144
8814
766
5666
7492
1326
1566
4084
7719
2096
4789
3547
8326
2027
2616
7816
4116
3316
119
8396
1488
4723
8659
7190
5485
4078
6558
1437
8372
13
7024
2077
2525
8811
5180
4589
4616
2655
2720
6158
398
1554
6673
4880
2768
6902
4065
487
4781
1764
6164
6782
3532
248
8813
7834
5096
4642
3989
4739
3047
6861
7771
7517
6507
4851
5852
1082
6655
6369
1756
6609
3954
6728
7671
4840
668
2583
2158
5129
5875
8392
5564
3652
5694
5010
7449
7819
878
2328
2987
8059
6931
6806
5995
5202
2768
2484
5836
6080
8360
720
4016
846
227
8656
6680
1598
8167
6676
7199
8856
7479
6926
3112
1158
944
1707
7183
2005
1248
6336
6761
2271
7261
3900
8217
2970
5039
6602
5295
7143
6032
7577
2357
6294
1602
4326
6270
4996
1049
4116
4840
3536
8552
5173
584
5634
5706
70
2000
8204
8707
57
1196
4209
7715
1869
4819
2839
8863
4127
5588
1182
1502
8942
8655
1778
8241
4756
2456
3234
1648
7969
8417
7055
7397
1998
2301
4474
8383
1126
5005
2770
1758
6854
504
7466
8285
6792
4560
2649
7629
3980
760
4599
6462
7646
5487
1137
316
6738
4233
8689
4474
7909
2156
2885
6458
4879
4657
5824
8100
7656
5838
6137
133
3782
759
8667
241
24
3580
122
3880
6768
7540
8724
7172
3236
6226
4869
8188
8712
5988
97
3591
1808
7133
7689
3848
1994
4250
8876
668
6861
3870
1424
3478
1563
5001
6670
3758
664
8053
4760
4344
1500
3091
20
2961
1963
5632
2201
1008
5850
1505
2494
8512
221
3988
8530
1459
2325
1580
3205
5481
7763
5625
5601
5254
5907
5387
977
7871
4482
8356
1248
6979
3475
2993
4247
6275
581
2577
3603
3488
5432
1253
4235
4721
5771
3179
8714
4246
3077
4205
8361
7400
3255
1368
6229
6869
2428
3674
1285
1903
7362
4150
1315
864
1601
4910
2558
7936
7164
5687
7331
8945
183
7804
1352
1989
5985
163
511
1906
2379
8946
4951
3844
3558
2638
54
6238
856
4923
7200
4312
3655
113
3398
8933
8144
7302
6980
2281
1433
4702
7849
500
319
2337
6535
8999
5779
3942
7969
32
3512
4906
2948
2251
1964
7773
5884
3896
5886
6727
2144
3724
1214
4267
199
6468
2135
1594
6006
4691
20
1210
3388
3960
1293
8157
2851
6729
8263
3631
4461
6261
5279
7506
4171
8388
4727
609
7744
8130
8532
6337
8454
6620
3132
4111
1231
4979
8268
306
3053
1687
2914
7011
1492
6478
4225
4705
8785
8277
4562
7593
4234
808
1638
3855
6420
3675
1204
460
8242
1729
2822
4813
6604
4876
1712
773
74
1197
4653
1059
1558
5870
1136
1863
2260
6056
8620
3835
554
4826
3663
7572
373
3334
6903
1224
8266
2970
154
5075
2942
7503
966
3188
3167
8386
6590
5670
7780
8670
2230
169
8692
2187
4258
8646
3422
6642
3837
8764
8328
835
7122
2647
8459
7916
2219
780
8492
8240
1611
6426
6765
124
3972
4805
6082
743
6492
2362
5517
5800
7828
3359
1430
6195
5064
5788
7854
7034
3405
6859
4123
2838
4846
7662
2746
118
5873
4263
656
8509
3771
6800
313
7499
714
3640
6004
4988
687
7505
6394
5756
8210
7545
6417
139
7836
7669
1184
4016
6579
4216
6941
8740
1581
3354
1563
3907
8067
1205
895
2973
2480
8967
4928
4050
8629
7841
2870
654
8335
4328
6080
6246
7611
4251
5891
8645
250
8000
8882
7182
5
8919
4687
2138
6128
546
4438
4096
5831
6745
5687
6660
8842
8602
8436
7430
8533
7218
194
8698
2605
3126
927
6288
3799
6711
3913
7
4937
2085
2470
6284
4968
5574
3250
3067
3113
5932
5799
1222
2672
2555
4159
6969
7187
7481
7311
890
2257
1601
6766
871
8886
6313
6681
2147
2953
5870
4439
1850
16
3845
4194
1323
2668
72
4218
1544
3149
1
2526
7925
1429
8179
3944
4296
8049
2807
5779
6973
1350
1213
6448
6356
1178
5187
1505
6703
4582
1007
5043
1323
5522
1756
5134
5311
5897
3597
1378
1897
8934
8166
2115
3411
578
5900
3320
88
948
4663
2863
1434
5417
2863
5102
5312
5212
777
2160
3228
3273
5869
695
4268
3390
5082
6436
823
6109
197
1229
394
8702
6114
3407
7696
8731
1268
3669
2618
5200
8323
1739
8607
2880
3065
8474
4217
656
8534
2302
7512
8958
6360
754
5787
7055
1066
2633
1462
166
4363
3311
6381
7121
4586
8091
2938
2557
8135
6438
4873
4281
8293
5073
5622
8108
8568
14
420
3093
5986
4381
8153
8040
1335
1856
4603
5472
7865
3379
2964
1719
1412
4899
2033
1053
4210
807
2227
1229
4896
8416
6400
8589
1922
1389
2557
1096
6370
1230
59
2151
4725
1235
3827
5707
1395
749
5243
8903
2885
2409
2922
6922
5037
7191
5135
7881
198
6502
1984
1884
3889
5065
7863
5917
7687
5336
4360
5572
5685
3279
3690
3649
4398
3503
1201
3686
8959
7702
5936
8218
3074
6584
1509
2752
4269
1271
8765
5599
2685
5984
8525
7495
8034
1394
4529
5552
2285
6306
6413
3851
661
5077
6074
3193
1781
7151
8445
5848
6297
6098
5739
2258
6587
545
6475
2874
1449
8160
4189
2152
6721
6122
4566
7706
6020
6771
5088
4074
295
2652
4264
6100
3987
721
4008
649
6689
7669
1846
5100
1079
3990
5082
1673
7390
1755
1368
8272
4575
8755
8030
7004
4247
632
7559
6513
3696
2397
7295
8879
8144
3233
3138
1856
421
6016
5229
7884
8006
8078
6620
8640
7737
4191
7129
7692
6370
1145
267
1644
8553
8371
4230
6131
1305
1710
121
3535
3555
7163
453
1219
2013
271
1664
298
7097
7255
4187
1483
7861
1231
6941
8362
6634
7915
6556
8449
3787
4395
1326
2142
4120
1205
5778
2128
644
1270
8901
5789
2871
2858
3353
5674
3562
2389
818
2558
1962
1043
1293
6942
7406
2889
5295
2079
5449
7840
486
4688
8562
1280
3793
915
1945
8203
2528
5131
2562
3354
8876
7705
3301
6381
2820
1186
7875
3819
321
8502
1772
4799
6491
8237
1986
8566
3243
3420
2329
4399
4876
3113
8879
3344
7835
4996
4332
6997
6082
8046
6883
8235
783
115
7121
3326
3423
3247
3215
3628
7728
7387
8370
2344
4007
8299
3734
7762
2847
4216
6485
2461
5024
1934
8821
3436
5430
5259
1584
2765
2306
8070
3818
7845
3147
4877
7657
7172
6292
8868
6834
2373
7616
7554
4873
348
1003
6911
7347
6643
2679
8517
2175
8202
729
569
3978
5028
1754
6243
561
3493
7332
6840
198
1103
8192
1664
6481
1041
2776
5877
1071
875
6184
7422
8023
8901
8827
1774
6013
1830
4429
6165
2441
2985
1324
6783
6361
2744
1624
440
5370
2186
1489
6921
4628
2392
1798
3725
5263
2377
7811
1272
885
731
5244
1566
8357
2352
7524
7043
1773
4784
470
4199
8302
4524
3573
1797
2548
8673
1254
7993
725
3921
1801
7192
2869
4637
3771
4399
633
8097
6052
5714
6801
7863
7954
2847
4072
7746
1347
110
3492
6251
6081
2062
1973
8606
963
3403
4753
2139
5142
6669
7510
7694
3761
4985
6597
4835
4718
7797
7952
4270
1084
6421
2373
8060
4114
634
2086
6439
1248
3742
3626
7573
2548
3910
5747
7900
7424
2913
4169
3425
2902
5909
4277
3366
7294
8416
6037
1751
4639
2037
5767
4419
1870
1189
6550
7448
2066
6444
64
5471
989
4920
3678
533
3153
5401
3402
4031
1150
8277
3254
7652
5851
4385
7383
6447
1838
259
537
816
8742
5971
3987
4233
2522
5112
6374
2140
5421
212
985
5992
4182
5784
7060
3468
7572
3735
965
7177
7720
5292
4786
4258
8209
1487
4018
2549
2396
3850
4261
300
3041
7998
8003
4411
1402
7028
1687
2962
4838
1858
3955
5622
187
2125
5450
2880
2516
8549
3975
4982
4478
2044
5897
889
1977
4592
4130
8831
2042
8361
1812
3774
4985
2604
4940
2094
3774
3026
2954
8031
7125
6383
69
1900
1137
7392
4185
3039
5509
7938
4493
2423
8075
2127
3549
7829
4499
4695
8861
8204
6188
691
4385
4992
6605
6031
5286
2168
1936
2628
2899
1804
6822
8449
1920
7073
883
2793
5258
4889
1102
5693
8952
3602
2900
3302
8413
2980
7840
104
6086
8276
4248
5905
3797
905
4350
8925
955
1788
6484
5737
6230
6678
3126
6621
4856
4414
2503
1285
95
8731
909
5963
3596
1710
3829
1613
6155
2253
8134
4414
3101
799
637
6676
5584
6489
3403
5887
671
8020
513
8532
885
1345
6724
3482
210
3718
3420
2945
3832
5768
7634
5190
8935
2284
2532
2940
8421
7932
1650
3792
1228
2196
598
794
5411
3787
5049
4783
277
8864
7231
2528
3918
5393
1856
2613
1457
6112
5546
3225
3675
2127
6733
7202
3710
4174
7255
4546
5516
4391
4712
8396
1265
2594
4182
920
8028
2766
6994
7317
3539
95
142
8649
561
6776
7524
2941
7996
6173
8889
4155
2419
7091
3143
7133
5980
6933
4589
8858
4164
1455
860
1324
6956
8307
7962
3489
3629
3692
7384
5081
8411
5395
6079
7317
8102
3624
8108
8832
6330
4334
2507
6126
3314
8390
557
5237
8716
5045
503
3607
3253
480
7462
503
4629
6442
5740
6920
3837
2040
7985
8879
8028
3511
5649
545
4226
3135
8745
119
5572
6654
5033
1319
7426
6446
8647
5674
2968
6994
5762
8447
1446
8537
8571
7004
813
484
3476
3797
514
3873
6652
6777
8861
554
4782
5025
3047
5706
7787
6692
6839
8665
4203
8527
2403
4670
4542
4865
8167
7977
894
7594
3461
5152
6237
6058
3206
300
3444
4467
6174
5637
2532
4571
7418
5594
5179
1722
5371
7367
4759
6869
3939
7424
476
7246
7339
1423
4339
3792
7679
7476
2798
2072
8836
5316
2062
7966
4104
98
857
1738
6367
6549
8327
2552
8033
916
8148
5813
1146
6978
6056
3872
4973
6978
1665
8594
6067
